E_bound=5.974419644760417875984776719304208912E-16
 f_thr=901653545693357604.42934289177487939997133896929841589437443550156196278724878878621591411917062182023533209952508577048493819522873599519618729059184500182208303363646097227026792042037164366574054457 Hz
 lambda=3.3249185280967785186671459606021200884228391918132440568069436865448902415820676436940925894268308481998848894269007623165075313810641323231543134855826262282543282567767447862605669503849310419973091E-10 m
